0.093
0.557
1.138
1.741
2.368
2.972
3.553
4.156
4.760
5.364
5.944
6.548
7.175
7.755
8.336
8.940
9.543
10.147
10.751
11.355
11.958
12.562
13.142
13.746
14.350
14.954
15.557
16.138
16.742
17.345
17.949
18.553
19.156
19.760
20.364
20.944
21.548
22.152
22.756
23.359
23.963
24.543
25.147
25.751
26.355
26.958
27.562
28.166
28.746
29.350
29.954
30.557
31.161
31.765
32.369
32.949
33.553
34.157
34.760
35.364
35.944
36.548
37.152
37.756
38.336
38.940
39.544
40.124
40.728
41.355
41.935
42.516
43.143
43.746
44.373
44.954
45.558
46.138
46.742
47.345
47.949
48.553
49.157
49.760
50.341
50.945
51.548
52.152
52.756
53.336
53.963
54.567
55.147
55.751
56.355
56.959
57.562
58.166
58.746
59.350
59.954
60.558
61.161
61.742
62.346
62.949
63.553
64.157
64.760
65.364
65.968
66.572
67.152
67.756
68.360
68.963
69.544
70.147
70.751
71.355
71.959
72.562
73.143
73.723
74.327
74.954
75.558
76.161
76.742
77.346
77.949
78.553
79.134
79.761
80.341
80.945
81.548
82.152
82.756
83.360
83.963
84.567
85.171
85.751
86.355
86.959
87.562
88.143
88.747
89.350
89.954
90.558
91.162
91.765
92.346
92.949
93.553
94.157
94.761
95.341
95.945
96.549
97.152
97.756
98.360
98.917
99.544
100.148
100.751
101.355
101.936
102.563
103.166
103.747
104.350
104.954
105.558
106.162
106.742
107.346
107.950
108.553
109.157
109.761
110.364
110.945
111.549
112.152
112.756
113.360
113.964
114.567
115.148
115.751
116.355
116.959
117.563
118.143
118.747
119.327
119.931
120.535
121.139
121.742
122.323
122.950
123.553
124.157
124.761
125.365
125.945
126.549
127.129
127.756
128.337
128.940
129.544
130.148
130.752
131.355
131.936
132.563
133.143
133.770
134.351
134.931
135.558
136.162
136.742
137.346
137.950
138.553
139.157
139.761
140.341
140.968
141.549
142.153
142.756
143.360
143.940
144.544
145.148
145.752
146.355
146.959
147.540
148.167
148.747
149.351
149.954
150.558
151.162
151.766
152.346
152.973
153.554
154.157
154.738
155.341
155.945
156.549
157.153
157.733
158.337
158.964
159.544
160.148
160.729
161.355
161.959
162.540
163.143
163.770
164.351
164.955
165.558
166.162
166.742
167.346
167.950
168.554
169.157
169.761
170.365
170.969
171.549
172.153
172.756
173.360
173.964
174.568
175.148
175.752
176.356
176.959
177.540
178.143
178.747
179.351
179.955
180.558
181.162
181.743
182.346
182.950
183.554
