0.093
0.697
1.324
1.904
2.531
3.135
3.738
4.342
4.946
5.550
6.060
6.618
7.175
7.709
8.290
8.916
9.543
10.147
10.751
11.355
11.958
12.562
13.166
13.769
14.396
15.000
15.604
16.231
16.834
17.438
18.042
18.669
19.273
19.876
20.503
21.130
21.734
22.338
22.941
23.568
24.195
24.799
25.403
26.030
26.657
27.260
27.864
28.468
29.095
29.698
30.302
30.929
31.556
32.160
32.787
33.390
33.994
34.621
35.225
35.828
36.455
37.059
37.686
38.290
38.917
39.520
40.124
40.751
41.378
41.982
42.585
43.189
43.816
44.443
45.047
45.674
46.277
46.904
47.508
48.112
48.739
49.342
49.969
50.573
51.200
51.804
52.407
53.034
53.638
54.242
54.869
55.496
56.123
56.750
57.330
57.957
58.584
59.188
59.791
60.418
61.045
61.649
62.276
62.880
63.483
64.110
64.714
65.341
65.945
66.572
67.199
67.802
68.429
69.033
69.660
70.264
70.891
71.494
72.121
72.725
73.352
73.956
74.582
75.186
75.813
76.417
77.044
77.648
78.251
78.878
79.505
80.109
80.736
81.340
81.943
82.570
83.174
83.801
84.428
85.031
85.658
86.262
86.889
87.516
88.120
88.747
89.350
89.977
90.558
91.208
91.812
92.415
93.042
93.646
94.273
94.877
95.504
96.107
96.734
97.338
97.942
98.569
99.172
99.799
100.426
101.030
101.657
102.261
102.888
103.515
104.118
104.722
105.349
105.953
106.580
107.183
107.810
108.414
109.041
109.645
110.272
110.875
111.502
112.106
112.733
113.337
113.940
114.567
115.194
115.821
116.425
117.052
117.702
118.306
118.886
119.490
120.117
120.721
121.347
121.951
122.555
123.205
123.809
124.413
124.947
125.550
126.154
126.758
127.361
127.942
128.453
129.057
129.660
130.287
130.891
131.518
132.122
132.748
133.352
133.979
134.583
135.210
135.814
136.417
137.044
137.671
138.275
138.902
139.505
140.109
140.736
141.340
141.967
142.594
143.221
143.824
144.428
145.055
145.659
146.286
146.913
147.516
148.143
148.747
149.374
149.978
150.605
151.208
151.835
152.439
153.066
153.670
154.204
154.784
155.249
155.829
156.433
157.060
157.687
158.290
158.917
159.521
160.148
160.752
161.379
161.982
162.609
163.213
163.840
164.467
165.071
165.674
166.325
166.928
167.532
168.136
168.763
169.390
170.017
170.620
171.224
171.851
172.455
173.082
173.708
174.335
174.939
175.543
176.170
176.774
177.400
178.004
178.631
179.235
179.862
180.489
181.092
181.719
182.323
182.950
183.554
184.181
184.784
185.411
186.015
186.619
187.269
187.873
188.500
189.103
189.707
190.334
190.938
191.565
192.192
192.795
193.422
194.026
194.653
195.280
195.884
196.487
197.114
197.718
198.345
198.972
199.576
200.202
200.829
201.433
202.037
202.641
203.267
203.894
204.498
205.125
205.752
206.379
206.983
207.586
208.213
208.840
209.444
210.071
210.651
211.302
211.905
212.509
213.136
213.763
214.367
214.994
215.597
216.224
216.828
217.455
218.082
218.686
219.220
219.754
220.264
220.845
221.449
222.099
222.703
223.306
223.933
224.560
225.164
225.791
226.395
227.021
