0.209
0.673
1.138
1.625
2.090
2.554
3.019
3.483
3.971
4.435
4.899
5.364
5.828
6.293
6.780
7.245
7.709
8.197
8.661
9.125
9.590
10.054
10.519
10.983
11.447
11.912
12.399
12.864
13.328
13.793
14.257
14.745
15.209
15.650
16.115
16.602
17.067
17.531
18.019
18.483
18.947
19.435
19.900
20.364
20.828
21.293
21.757
22.221
22.686
23.150
23.615
24.079
24.567
25.031
25.496
25.960
26.424
26.889
27.353
27.818
28.305
28.770
29.234
29.698
30.163
30.627
31.092
31.556
32.020
32.508
32.972
33.437
33.901
34.366
34.830
35.294
35.759
36.223
36.688
37.152
37.616
38.081
38.545
39.033
39.497
39.962
40.426
40.890
41.355
41.819
42.284
42.748
43.212
43.677
44.141
44.606
45.070
45.534
45.999
46.486
46.951
47.392
47.880
48.344
48.808
49.273
49.737
50.202
50.666
51.130
51.595
52.036
52.524
52.988
53.452
53.917
54.381
54.846
55.310
55.774
56.239
56.703
57.191
57.655
58.120
58.584
59.048
59.513
59.977
60.442
60.906
61.370
61.835
62.299
62.764
63.228
63.692
64.157
64.621
65.086
65.550
66.014
66.479
66.943
67.408
67.872
68.336
68.801
69.265
69.730
70.194
70.658
71.123
71.564
72.052
72.516
72.980
73.445
73.909
74.374
74.838
75.302
75.767
76.231
76.696
77.160
77.624
78.089
78.553
79.018
79.482
79.946
80.411
80.875
81.340
81.804
82.268
82.733
83.197
83.661
84.126
84.590
85.055
85.496
85.960
86.425
86.889
87.353
87.818
88.305
88.770
89.234
89.699
90.163
90.627
91.092
91.556
92.021
92.485
92.949
93.414
93.878
94.343
94.807
95.248
95.713
96.177
96.665
97.129
97.593
98.058
98.522
98.963
99.428
99.892
100.357
100.821
101.285
101.750
102.214
102.679
103.143
103.607
104.049
104.536
105.001
105.465
105.929
106.394
106.858
107.323
107.787
108.251
108.716
109.180
109.621
110.086
110.550
111.015
111.479
111.943
112.408
112.872
113.337
113.801
114.265
114.730
115.194
115.659
116.100
116.587
117.052
117.516
117.981
118.422
118.886
119.351
119.815
120.279
120.744
121.208
121.673
122.137
122.601
123.066
123.530
123.995
124.459
124.923
125.388
125.852
126.317
126.781
127.245
127.687
128.151
128.615
129.080
129.544
130.009
130.473
130.914
131.402
131.866
132.331
132.795
133.236
133.700
134.165
134.629
135.094
135.558
136.022
136.487
136.951
137.416
137.857
138.344
138.809
139.273
139.714
140.179
140.643
141.108
141.572
142.036
142.501
142.965
143.406
143.871
144.335
144.800
145.264
145.728
146.193
146.657
147.122
147.586
148.050
148.492
148.956
149.420
149.885
150.349
150.814
151.278
151.742
152.207
152.648
153.112
153.577
154.041
154.506
154.947
155.434
155.876
156.340
156.804
157.269
157.733
158.198
158.639
159.126
159.591
160.032
160.496
160.961
161.425
161.890
162.354
162.818
163.260
163.724
164.188
164.653
165.117
165.581
166.046
166.510
166.951
167.416
167.880
168.345
168.809
169.273
169.715
170.179
170.643
171.108
171.572
172.037
172.501
172.942
173.407
173.871
174.335
174.800
175.264
175.729
176.193
176.634
177.099
177.563
178.027
178.492
178.956
179.397
179.862
180.326
180.791
181.255
181.719
182.184
182.648
183.089
183.554
184.018
184.483
184.947
185.411
185.876
186.340
186.781
187.246
187.710
188.151
188.616
189.080
189.544
190.009
190.473
190.914
191.402
191.843
192.308
192.772
193.236
193.701
194.165
194.630
195.094
195.535
196.000
196.464
196.928
197.370
197.834
198.298
198.763
199.204
199.692
200.156
200.620
201.085
201.526
201.990
202.455
202.919
203.384
203.825
204.289
204.707
205.218
205.682
206.147
206.611
207.076
207.517
207.981
208.446
208.910
209.351
209.839
210.280
210.744
211.209
211.673
212.138
212.602
213.066
213.507
213.972
214.436
214.901
215.365
215.829
216.271
216.735
217.199
217.664
218.128
218.593
219.034
219.475
219.963
220.427
220.891
221.333
221.820
222.261
222.726
223.190
223.655
224.119
224.560
225.025
225.489
225.953
226.418
226.859
227.323
227.788
228.252
228.717
229.158
229.622
230.087
230.551
231.015
231.480
231.944
232.409
232.850
233.314
233.779
234.243
234.684
235.148
235.613
236.077
236.542
237.006
237.447
237.912
238.376
238.840
239.305
239.769
240.234
240.675
241.139
241.604
242.068
242.509
242.974
243.438
243.902
244.367
244.831
245.296
245.737
246.201
246.666
247.130
247.594
248.036
248.500
248.964
249.429
249.893
250.358
250.822
251.263
251.728
252.192
252.656
253.098
253.539
253.980
254.351
254.746
255.187
255.652
256.093
256.557
257.022
257.486
