0.488
0.975
1.416
1.881
2.345
2.810
3.274
3.738
4.203
4.667
5.108
5.573
6.037
6.502
6.966
7.430
7.895
8.359
8.824
9.288
9.729
10.194
10.658
11.122
11.587
12.051
12.516
12.957
13.421
13.886
14.350
14.814
15.279
15.720
16.184
16.649
17.090
17.578
18.042
18.506
18.971
19.412
19.876
20.341
20.805
21.269
21.734
22.198
22.663
23.127
23.591
24.033
24.497
24.961
25.426
25.890
26.355
26.819
27.283
27.725
28.189
28.653
29.118
29.582
30.023
30.488
30.952
31.417
31.881
32.345
32.810
33.274
33.739
34.180
34.644
35.109
35.573
36.037
36.502
36.943
37.407
37.872
38.336
38.801
39.265
39.729
40.194
40.658
41.123
41.587
42.051
42.493
42.957
43.445
43.909
44.350
44.815
45.279
45.743
46.208
46.649
47.113
47.578
48.042
48.506
48.971
49.435
49.876
50.341
50.805
51.270
51.734
52.198
52.663
53.127
53.568
54.033
54.497
54.962
55.426
55.890
56.332
56.819
57.260
57.725
58.189
58.654
59.118
59.582
60.024
60.488
60.952
61.417
61.881
62.346
62.810
63.274
63.739
64.203
64.644
65.109
65.573
66.038
66.502
66.966
67.408
67.895
68.336
68.801
69.265
69.730
70.194
70.658
71.123
71.587
72.052
72.493
72.957
73.421
73.886
74.350
74.815
75.279
75.720
76.185
76.649
77.113
77.578
78.042
78.507
78.971
79.412
79.877
80.341
80.805
81.270
81.734
82.199
82.663
83.127
83.569
84.033
84.497
84.985
85.426
85.891
86.355
86.819
87.284
87.725
88.189
88.654
89.118
89.583
90.047
90.511
90.953
91.417
91.881
92.346
92.810
93.275
93.739
94.203
94.668
95.109
95.573
96.038
96.502
96.967
97.431
97.895
98.360
98.801
99.265
99.730
100.194
100.659
101.123
101.564
102.052
102.493
102.957
103.422
103.886
104.327
104.792
105.256
105.744
106.208
106.649
107.114
107.578
108.042
108.507
108.948
109.436
109.877
110.341
110.806
111.270
111.734
112.199
112.663
113.128
113.569
114.033
114.498
114.962
115.426
115.868
116.355
116.820
117.261
117.725
118.190
118.654
119.095
119.583
120.047
120.512
120.953
121.417
121.882
122.346
122.810
123.275
123.739
124.204
124.645
125.109
125.574
126.038
126.502
126.967
127.431
127.872
128.337
128.801
129.265
129.730
130.194
130.659
131.100
131.587
132.029
132.516
132.957
133.422
133.886
134.351
134.815
135.279
135.721
136.185
136.649
137.114
137.578
138.043
138.507
138.971
139.413
139.900
140.341
140.806
141.270
141.735
142.199
142.663
143.128
143.569
144.033
144.498
144.962
145.427
145.891
146.332
146.797
147.261
147.725
148.190
148.654
149.119
149.583
150.047
150.512
150.976
151.441
151.882
152.346
152.811
153.275
153.739
154.204
154.645
155.133
155.597
156.038
156.502
156.967
157.431
157.896
158.337
158.801
159.266
159.730
160.194
160.659
161.100
161.564
162.029
162.493
162.958
163.422
163.886
164.351
164.792
165.256
165.721
166.185
166.650
167.114
167.578
168.043
168.507
168.972
169.436
169.877
170.342
170.806
171.270
171.735
172.199
172.664
173.105
173.569
174.034
174.498
174.962
175.427
175.891
176.356
176.820
177.284
177.726
178.190
178.654
179.119
179.583
180.048
180.512
180.953
181.418
181.882
182.346
182.811
183.275
183.740
184.204
184.645
185.109
185.574
186.038
186.503
186.967
187.431
187.896
188.360
188.801
189.266
189.730
190.195
190.659
191.100
191.588
192.029
192.493
192.958
193.422
193.863
194.351
194.815
195.280
195.744
196.185
196.650
197.114
197.579
198.043
198.531
198.995
199.459
199.901
200.365
200.806
201.271
201.735
202.199
202.664
203.128
203.593
204.057
204.521
204.963
205.427
205.868
206.356
206.820
207.285
207.749
208.190
208.655
209.119
209.583
210.048
210.489
210.953
211.418
211.882
212.346
212.811
213.275
213.740
214.204
