0.209
0.743
1.184
1.556
1.950
2.368
2.810
3.251
3.715
4.133
4.574
5.016
5.457
5.875
6.316
6.734
7.175
7.616
8.057
8.499
8.940
9.381
9.799
10.240
10.681
11.122
11.540
12.005
12.446
12.864
13.305
13.746
14.187
14.629
15.070
15.488
15.929
16.370
16.811
17.252
17.694
18.112
18.553
18.994
19.435
19.876
20.317
20.735
21.177
21.618
22.059
22.500
22.918
23.359
23.800
24.242
24.683
25.101
25.542
25.960
26.424
26.842
27.283
27.725
28.166
28.607
29.025
29.466
29.907
30.348
30.790
31.231
31.649
32.090
32.531
32.972
33.414
33.855
34.296
34.714
35.155
35.596
36.037
36.455
36.897
37.338
37.779
38.220
38.661
39.102
39.520
39.962
40.403
40.844
41.285
41.726
42.144
42.585
43.027
43.468
43.886
44.350
44.768
45.209
45.650
46.092
46.533
46.951
47.392
47.833
48.274
48.715
49.157
49.575
50.016
50.457
50.898
51.339
51.780
52.198
52.640
53.081
53.499
53.963
54.404
54.822
55.263
55.705
56.146
56.587
57.028
57.446
57.887
58.329
58.770
59.211
59.652
60.070
60.511
60.952
61.394
61.788
62.253
62.694
63.112
63.576
64.017
64.435
64.877
65.318
65.759
66.200
66.618
67.059
67.500
67.942
68.383
68.824
69.265
69.683
70.124
70.565
71.007
71.425
71.866
72.307
72.748
73.189
73.630
74.072
74.490
74.931
75.372
75.813
76.231
76.672
77.113
77.555
77.996
78.437
78.878
79.296
79.737
80.179
80.596
81.061
81.502
81.920
82.361
82.802
83.267
83.685
84.126
84.567
84.985
85.426
85.867
86.309
86.727
87.168
87.609
88.050
88.491
88.909
89.350
89.792
90.233
90.674
91.115
91.556
91.974
92.415
92.857
93.298
93.739
94.180
94.621
95.062
95.504
95.922
96.363
96.804
97.245
97.663
98.104
98.545
98.987
99.428
99.846
100.287
100.728
101.169
101.611
102.028
102.470
102.911
103.352
103.793
104.234
104.676
105.117
105.535
105.953
106.371
106.858
107.299
107.741
108.159
108.600
109.041
109.482
109.923
110.364
110.806
111.224
111.665
112.106
112.547
112.988
113.406
113.847
114.289
114.730
115.148
115.589
116.030
116.471
116.912
117.354
117.795
118.213
118.654
119.095
119.536
119.978
120.395
120.837
121.278
121.719
122.160
122.601
123.043
123.484
123.902
124.343
124.784
125.225
125.643
126.084
126.526
126.967
127.408
127.826
128.267
128.708
129.149
129.591
130.032
130.450
130.891
131.332
131.773
132.214
132.656
133.097
133.538
133.956
134.397
134.815
135.279
135.697
136.139
136.580
137.021
137.462
137.903
138.344
138.762
139.204
139.645
140.086
140.527
140.968
141.410
141.851
142.269
142.710
143.151
143.592
144.033
144.475
144.893
145.334
145.775
146.193
146.634
147.075
147.516
147.958
148.399
148.840
149.281
149.722
150.140
150.581
151.023
151.464
151.905
152.346
152.764
153.205
153.646
154.088
154.529
154.947
155.388
155.829
156.270
156.711
157.153
157.571
158.012
158.453
158.894
159.335
159.777
160.194
160.636
161.077
161.518
161.959
162.400
162.842
163.283
163.701
164.119
164.560
165.024
165.442
165.907
166.325
166.766
167.184
167.648
168.066
168.507
168.972
169.390
169.831
170.272
170.713
171.154
171.572
172.013
172.455
172.896
173.337
173.778
174.219
174.660
175.078
175.520
175.961
176.402
176.820
177.284
177.702
178.143
178.585
179.026
179.467
179.908
180.349
180.791
181.232
181.673
182.091
182.532
182.973
183.414
183.856
184.297
184.715
185.156
185.597
186.038
186.479
186.921
187.362
187.780
188.221
188.662
189.080
189.521
189.962
190.404
190.845
191.286
191.727
192.168
192.610
193.051
193.492
193.910
194.351
194.792
195.233
195.675
196.116
196.534
196.975
197.416
197.857
198.298
198.740
199.158
199.599
200.040
200.481
200.922
201.363
201.805
202.246
202.664
203.105
203.546
203.987
204.428
204.870
205.311
205.752
206.170
206.611
207.052
207.494
207.935
208.376
208.817
209.235
209.676
210.117
210.559
211.000
211.441
211.859
212.300
212.741
213.182
213.624
214.065
214.506
214.947
