0.070
0.557
1.115
1.602
2.113
2.624
3.135
3.622
4.133
4.644
5.155
5.642
6.153
6.664
7.175
7.686
8.197
8.684
9.195
9.706
10.217
10.728
11.238
11.726
12.237
12.748
13.235
13.723
14.234
14.745
15.256
15.766
16.277
16.788
17.276
17.786
18.297
18.785
19.296
19.807
20.317
20.805
21.316
21.804
22.314
22.825
23.313
23.824
24.335
24.845
25.356
25.844
26.355
26.865
27.353
27.864
28.352
28.862
29.373
29.861
30.372
30.859
31.393
31.881
32.415
32.903
33.414
33.924
34.412
34.923
35.434
35.921
36.409
36.943
37.454
37.941
38.452
38.940
39.451
39.962
40.449
40.960
41.471
41.958
42.469
42.980
43.491
43.979
44.489
45.000
45.488
45.999
46.510
47.020
47.531
48.042
48.530
49.017
49.551
50.039
50.550
51.037
51.548
52.059
52.570
53.058
53.568
54.079
54.567
55.078
55.589
56.076
56.587
57.075
57.609
58.096
58.607
59.118
59.606
60.116
60.604
61.115
61.626
62.137
62.647
63.135
63.623
64.134
64.644
65.155
65.666
66.154
66.664
67.175
67.663
68.174
68.685
69.195
69.683
70.194
70.705
71.192
71.703
72.214
72.702
73.213
73.723
74.211
74.722
75.233
75.743
76.231
76.742
77.230
77.740
78.251
78.739
79.250
79.761
80.248
80.759
81.270
81.781
82.268
82.779
83.290
83.801
84.288
84.799
85.287
85.798
86.309
86.796
87.307
87.818
88.329
88.816
89.327
89.838
90.349
90.836
91.324
91.858
92.369
92.857
93.367
93.855
94.366
94.854
95.364
95.852
96.363
96.874
97.384
97.895
98.406
98.894
99.405
99.915
100.403
100.914
101.425
101.912
102.423
102.911
103.422
103.933
104.443
104.931
105.442
105.929
106.440
106.951
107.462
107.950
108.460
108.948
109.459
109.970
110.457
110.968
111.479
111.967
112.477
112.988
113.499
113.987
114.498
115.008
115.519
116.007
116.518
117.005
117.516
118.027
118.515
119.025
119.513
120.024
120.535
121.046
121.556
122.044
122.555
123.043
123.553
124.064
124.552
125.063
125.574
126.084
126.572
127.083
127.594
128.081
128.592
129.103
129.614
130.101
130.589
131.100
131.611
132.122
132.609
133.120
133.631
134.118
134.629
135.140
135.651
136.139
136.626
137.137
137.648
138.159
138.646
139.157
139.668
140.179
140.666
141.177
141.688
142.176
142.687
143.197
143.708
144.196
144.707
145.194
145.682
146.193
146.704
147.215
147.725
148.213
148.724
149.211
149.722
150.233
150.744
151.255
151.742
152.253
152.741
153.252
153.763
154.250
154.761
155.272
155.759
156.270
156.781
157.292
157.780
158.290
158.778
159.289
159.800
160.287
160.798
161.309
161.797
162.331
162.818
163.329
163.840
164.328
164.838
165.326
165.837
166.348
166.835
167.346
167.857
168.345
168.856
169.366
169.877
170.365
170.876
171.386
171.874
172.385
172.896
173.407
173.894
174.405
174.893
175.404
175.914
176.425
176.913
177.424
177.935
178.422
178.933
179.444
179.931
180.442
180.953
181.441
181.952
182.462
182.950
183.461
183.948
184.459
184.970
185.481
185.969
186.479
186.967
187.478
187.989
188.500
188.987
189.498
189.986
190.520
191.007
191.518
192.029
192.517
193.027
193.538
194.026
194.537
195.024
195.535
196.046
196.534
197.045
197.555
198.066
198.554
199.065
199.576
200.086
200.574
201.085
201.596
202.083
202.594
203.105
203.593
204.103
204.591
205.102
205.613
206.100
206.611
207.122
207.633
208.144
208.631
209.142
209.653
210.141
210.651
211.139
