0.070
0.557
1.022
1.486
1.927
2.392
2.856
3.297
3.762
4.226
4.667
5.132
5.596
6.037
6.502
6.943
7.407
7.848
8.313
8.800
9.242
9.683
10.124
10.612
11.053
11.517
11.981
12.423
12.887
13.351
13.793
14.211
14.698
15.163
15.627
16.091
16.533
16.974
17.438
17.903
18.344
18.785
19.273
19.714
20.178
20.619
21.084
21.548
21.989
22.430
22.918
23.359
23.824
24.265
24.729
25.170
25.635
26.099
26.540
27.005
27.446
27.910
28.375
28.816
29.257
29.722
30.186
30.650
31.092
31.556
32.020
32.461
32.903
33.367
33.831
34.296
34.737
35.201
35.643
36.107
36.548
37.013
37.454
37.918
38.383
38.824
39.288
39.729
40.194
40.635
41.099
41.564
42.028
42.469
42.934
43.398
43.839
44.280
44.745
45.209
45.650
46.115
46.579
47.044
47.485
47.926
48.390
48.832
49.296
49.760
50.202
50.643
51.107
51.572
52.013
52.477
52.918
53.383
53.847
54.288
54.753
55.217
55.658
56.123
56.564
57.028
57.469
57.934
58.398
58.839
59.304
59.745
60.209
60.674
61.115
61.579
62.044
62.485
62.926
63.390
63.855
64.296
64.760
65.225
65.666
66.130
66.595
67.036
67.477
67.942
68.406
68.870
69.312
69.753
70.217
70.682
71.123
71.587
72.028
72.493
72.934
73.398
73.839
74.281
74.745
75.209
75.674
76.138
76.579
77.044
77.485
77.949
78.414
78.855
79.319
79.784
80.225
80.689
81.131
81.595
82.036
82.477
82.965
83.429
83.870
84.312
84.776
85.240
85.682
86.123
86.587
87.052
87.516
87.957
88.398
88.863
89.327
89.768
90.233
90.697
91.138
91.603
92.044
92.508
92.949
93.414
93.855
94.319
94.784
95.225
95.666
96.131
96.595
97.059
97.501
97.965
98.429
98.871
99.312
99.776
100.217
100.682
101.146
101.587
102.028
102.493
102.957
103.422
103.886
104.327
104.768
105.210
105.674
106.115
106.603
107.067
107.508
107.973
108.414
108.878
109.320
109.784
110.248
110.690
111.131
111.595
112.060
112.501
112.965
113.429
113.871
114.312
114.753
115.217
115.682
116.123
116.587
117.052
117.516
117.957
118.422
118.863
119.327
119.792
120.233
120.697
121.139
121.603
122.044
122.508
122.973
123.414
123.878
124.320
124.784
125.248
125.690
126.131
126.618
127.060
127.501
127.965
128.406
128.871
129.335
129.776
130.241
130.682
131.146
131.611
132.075
132.516
132.957
133.422
133.863
134.327
134.769
135.233
135.697
136.139
136.603
137.067
137.509
137.973
138.437
138.879
139.343
139.784
140.249
140.690
141.154
141.595
142.060
142.501
142.965
143.383
143.848
144.312
144.776
145.241
145.705
146.146
146.611
147.052
147.516
147.981
148.422
148.863
149.328
149.769
150.233
150.674
151.139
151.603
152.067
152.509
152.950
153.414
153.879
154.320
154.784
155.249
155.690
156.131
156.595
157.060
157.524
157.965
158.430
158.871
159.335
159.777
160.241
160.682
161.146
161.611
162.075
162.516
162.981
163.422
163.886
164.328
164.792
165.233
165.698
166.162
166.603
167.068
167.509
167.950
168.391
168.856
169.320
169.761
170.225
170.690
171.154
171.619
172.060
172.524
172.965
173.407
173.871
174.335
174.800
175.241
175.705
176.170
176.611
177.052
177.517
177.981
178.422
178.887
179.328
179.792
180.233
180.698
181.162
181.626
182.068
182.532
182.973
183.438
183.879
184.343
184.808
185.272
185.713
186.154
186.619
187.060
187.524
187.989
188.430
188.894
189.336
189.800
190.264
190.705
191.147
191.611
192.099
192.517
192.981
193.445
193.887
194.328
194.792
195.257
195.698
196.162
196.603
197.068
197.509
197.973
198.415
198.879
199.343
199.808
200.249
200.713
201.154
201.619
202.060
202.524
