2.067
2.694
3.320
3.924
4.528
5.132
5.782
6.409
7.012
7.639
8.266
8.893
9.520
10.124
10.751
11.355
11.981
12.608
13.212
13.839
14.443
15.070
15.697
16.324
16.927
17.531
18.158
18.762
19.389
20.016
20.643
21.269
21.873
22.500
23.127
23.731
24.358
24.961
25.588
26.215
26.819
27.446
28.073
28.677
29.304
29.907
30.534
31.138
31.765
32.392
32.996
33.622
34.249
34.876
35.480
36.107
36.734
37.338
37.965
38.568
39.195
39.799
40.449
41.053
41.680
42.307
42.910
43.537
44.141
44.768
45.372
45.976
46.626
47.229
47.856
48.460
49.087
49.714
50.341
50.968
51.572
52.175
52.802
53.429
54.033
54.683
55.287
55.890
56.517
57.144
57.748
58.375
58.979
59.606
60.233
60.836
61.463
62.090
62.717
63.321
63.948
64.575
65.178
65.782
66.409
67.036
67.640
68.267
68.870
69.521
70.124
70.751
71.355
71.982
72.609
73.236
73.839
74.443
75.070
75.674
76.301
76.904
77.531
78.158
78.785
79.273
79.807
80.341
80.968
81.572
82.199
82.802
83.429
84.056
84.660
85.287
85.891
86.518
87.144
87.748
88.375
89.002
89.606
90.233
90.860
91.487
92.090
92.694
93.321
93.948
94.552
95.179
95.806
96.409
97.036
97.663
98.290
98.894
99.498
100.124
100.751
101.355
102.005
102.609
103.236
103.840
104.467
105.094
105.697
106.324
106.951
107.555
108.182
108.785
109.412
110.039
110.643
111.270
111.897
112.663
113.313
113.940
114.544
115.264
115.891
116.518
117.145
117.748
118.375
119.002
119.606
120.233
120.860
121.464
122.091
122.717
123.321
123.948
124.575
125.202
125.806
126.409
127.036
127.640
128.267
128.894
129.521
130.148
130.752
131.379
132.005
132.609
133.213
133.840
134.444
135.070
135.697
136.301
136.928
137.555
138.182
138.809
139.413
140.016
140.643
141.270
141.874
142.501
143.081
143.615
144.335
144.962
145.589
146.216
146.820
147.447
148.050
148.677
149.304
149.931
150.535
151.162
151.789
152.393
153.020
153.646
154.250
154.877
155.504
156.108
156.711
157.338
157.965
158.569
159.196
159.823
160.450
161.054
161.681
162.307
162.911
163.538
164.142
164.746
165.396
165.999
166.626
167.253
167.857
168.484
169.111
169.715
170.342
170.945
171.572
172.199
172.803
173.430
174.057
174.684
175.287
175.868
176.495
177.122
177.749
178.376
179.003
179.630
180.233
180.860
181.464
182.091
182.695
183.322
183.948
184.575
185.179
185.783
186.433
187.037
187.664
188.291
188.894
189.498
