0.395
0.766
1.138
1.509
1.904
2.299
2.694
3.065
3.437
3.808
4.226
4.621
4.992
5.387
5.782
6.177
6.571
6.966
7.338
7.732
8.104
8.499
8.893
9.288
9.660
10.054
10.449
10.844
11.215
11.587
11.981
12.376
12.771
13.142
13.537
13.932
14.303
14.698
15.070
15.464
15.859
16.254
16.625
17.020
17.415
17.810
18.181
18.576
18.947
19.365
19.737
20.132
20.503
20.898
21.293
21.687
22.059
22.454
22.848
23.220
23.615
24.009
24.404
24.776
25.170
25.565
25.960
26.331
26.726
27.121
27.492
27.887
28.282
28.677
29.048
29.443
29.814
30.232
30.604
30.999
31.393
31.788
32.160
32.554
32.926
33.321
33.715
34.110
34.482
34.876
35.271
35.666
36.037
36.432
36.827
37.222
37.616
38.011
38.383
38.777
39.149
39.544
39.938
40.310
40.705
41.123
41.494
41.889
42.260
42.655
43.027
43.445
43.816
44.211
44.582
44.977
45.372
45.767
46.138
46.556
46.928
47.322
47.694
48.089
48.483
48.878
49.273
49.644
50.039
50.434
50.828
51.223
51.595
51.989
52.384
52.779
53.150
53.545
53.940
54.335
54.706
55.101
55.472
55.844
56.262
56.657
57.051
57.446
57.818
58.212
58.607
59.002
59.373
59.768
60.140
60.534
60.929
61.324
61.695
62.090
62.462
62.880
63.251
63.646
64.041
64.435
64.830
65.225
65.596
65.991
66.386
66.781
67.152
67.547
67.942
68.336
68.708
69.103
69.474
69.869
70.264
70.658
71.053
71.425
71.819
72.214
72.586
72.980
73.375
73.747
74.141
74.536
74.931
75.326
75.697
76.092
76.487
76.881
77.253
77.648
78.042
78.437
78.809
79.203
79.598
79.993
80.364
80.759
81.154
81.548
81.920
82.315
82.709
83.104
83.499
83.894
84.265
84.660
85.055
85.449
85.821
86.216
86.610
87.005
87.377
87.771
88.166
88.561
88.932
89.327
89.722
90.117
90.488
90.883
91.278
91.672
92.044
92.439
92.833
93.228
93.600
93.994
94.389
94.784
95.155
95.573
95.945
96.340
96.734
97.106
97.501
97.895
98.267
98.662
99.056
99.451
99.846
100.241
100.612
101.007
101.402
101.796
102.168
102.563
102.957
103.352
103.724
104.118
104.513
104.908
105.279
105.674
106.069
106.440
106.835
107.230
107.624
107.996
108.391
108.785
109.180
109.552
109.946
110.341
110.713
111.107
111.502
111.897
112.292
112.686
113.081
113.476
113.847
114.242
114.637
115.032
115.403
115.798
116.193
116.587
116.959
117.354
117.748
118.143
118.515
118.933
119.304
119.699
120.094
120.488
120.860
121.255
121.649
122.044
122.416
122.834
123.205
123.600
123.971
124.366
124.761
125.156
125.550
125.945
126.317
126.711
127.106
127.478
127.872
128.267
128.662
129.057
129.428
129.823
130.218
130.612
131.007
131.379
131.773
132.168
132.563
132.957
133.329
133.724
134.118
134.490
134.885
135.279
135.674
136.069
136.440
136.835
137.230
137.625
137.996
138.391
138.786
139.180
139.575
139.970
140.341
140.736
141.131
141.526
141.897
142.292
142.687
143.058
143.453
143.848
144.242
144.637
145.009
145.403
145.798
146.170
146.564
146.959
147.354
147.749
148.143
148.538
148.910
149.304
149.699
150.094
150.465
150.860
151.255
151.650
152.044
152.416
152.811
153.205
153.577
153.995
154.366
154.761
155.156
155.527
155.922
156.317
156.711
157.106
157.478
157.849
158.267
158.662
159.057
159.451
159.823
160.218
160.612
160.984
161.379
161.773
162.168
162.563
162.934
163.329
163.724
164.119
164.490
164.885
165.280
165.674
166.046
166.441
166.835
167.230
167.602
167.996
168.368
168.786
169.157
169.552
169.947
170.342
170.736
171.131
171.526
171.897
172.292
172.687
173.082
173.476
173.848
174.243
174.614
175.009
175.404
175.798
176.193
176.588
176.959
177.354
177.749
178.143
178.515
178.910
179.304
179.699
180.071
180.465
180.860
181.255
181.650
182.044
182.416
182.811
183.205
183.600
183.995
184.366
184.761
185.156
185.551
185.922
186.317
186.712
187.083
187.478
187.873
188.267
188.639
189.034
189.452
189.823
190.218
190.589
190.984
191.379
191.774
192.168
192.540
192.935
193.329
193.724
194.119
194.514
194.885
195.280
195.651
196.046
196.441
196.789
197.207
197.602
197.997
198.391
198.763
199.158
199.552
199.947
200.342
