0.441
0.882
1.300
1.741
2.159
2.624
3.065
3.483
3.901
4.342
4.783
5.201
5.642
6.060
6.502
6.943
7.361
7.802
8.243
8.684
9.102
9.543
9.985
10.403
10.844
11.285
11.726
12.167
12.585
13.026
13.468
13.909
14.327
14.768
15.209
15.627
16.068
16.509
16.927
17.369
17.810
18.251
18.692
19.110
19.551
19.992
20.410
20.852
21.293
21.711
22.152
22.593
23.034
23.452
23.893
24.311
24.752
25.194
25.635
26.076
26.517
26.935
27.376
27.794
28.235
28.677
29.118
29.536
29.977
30.418
30.859
31.300
31.718
32.160
32.601
33.019
33.460
33.901
34.319
34.760
35.201
35.619
36.084
36.502
36.943
37.361
37.802
38.243
38.684
39.102
39.544
39.985
40.380
40.844
41.285
41.703
42.144
42.585
43.003
43.445
43.886
44.327
44.745
45.186
45.604
46.068
46.486
46.951
47.369
47.810
48.251
48.692
49.133
49.551
49.993
50.434
50.852
51.293
51.734
52.175
52.593
53.034
53.476
53.894
54.335
54.776
55.217
55.635
56.076
56.517
56.935
57.377
57.818
58.259
58.677
59.118
59.559
60.000
60.418
60.860
61.277
61.719
62.160
62.601
63.042
63.460
63.878
64.319
64.760
65.202
65.643
66.084
66.502
66.943
67.361
67.802
68.243
68.685
69.126
69.567
69.985
70.426
70.867
71.285
71.703
72.144
72.586
73.027
73.468
73.909
74.327
74.768
75.209
75.627
76.069
76.510
76.928
77.369
77.810
78.251
78.692
79.110
79.552
79.993
80.434
80.852
81.293
81.711
82.152
82.593
83.035
83.453
83.894
84.335
84.753
85.194
85.635
86.076
86.494
86.936
87.377
87.818
88.236
88.677
89.118
89.559
89.977
90.419
90.860
91.301
91.742
92.160
92.578
93.019
93.460
93.878
94.319
94.761
95.179
95.620
96.061
96.502
96.943
97.361
97.802
98.244
98.685
99.126
99.544
99.985
100.426
100.844
101.285
101.727
102.168
102.586
103.027
103.468
103.909
104.327
104.768
105.210
105.628
106.069
106.510
106.951
107.392
107.810
108.251
108.669
109.111
109.552
109.993
110.411
110.829
111.247
111.711
112.152
112.594
113.035
113.476
113.894
114.335
114.776
115.194
115.635
116.077
116.495
116.936
117.354
117.795
118.236
118.677
119.118
119.536
119.978
120.419
120.860
121.278
121.719
122.137
122.578
123.019
123.460
123.878
124.320
124.761
125.202
125.643
126.061
126.502
126.943
127.361
127.803
128.244
128.685
129.103
129.544
129.985
130.426
130.868
131.286
131.727
132.145
132.586
133.027
133.468
133.909
134.327
134.769
135.210
135.651
136.069
136.510
136.951
137.392
137.810
138.252
138.670
139.111
139.552
139.993
140.411
140.852
141.293
141.735
142.153
142.594
143.035
143.453
143.894
144.312
144.730
145.194
145.636
146.077
146.518
146.936
147.377
147.818
148.259
148.677
149.119
149.560
150.001
150.419
150.860
151.301
151.719
152.160
152.602
153.043
153.461
153.902
154.343
154.761
155.202
155.643
156.085
156.502
156.944
157.385
157.826
158.244
158.662
159.103
159.544
159.985
160.403
160.845
161.286
161.727
162.145
162.586
163.027
163.445
163.886
164.328
164.746
165.187
165.628
166.069
166.510
166.928
167.369
167.811
168.229
168.670
169.111
169.552
169.993
170.411
170.852
171.294
171.712
172.153
172.594
173.012
173.430
173.894
174.312
174.777
175.218
175.636
176.054
176.495
176.936
177.377
177.818
178.236
178.678
179.119
179.537
179.978
180.419
180.860
181.278
181.719
182.161
182.602
183.020
183.461
183.902
184.320
184.761
185.202
185.644
186.061
186.503
186.944
187.362
187.803
188.244
188.685
189.103
189.544
189.986
190.404
190.845
191.286
191.727
192.145
192.586
193.027
193.445
193.887
194.328
194.769
195.210
195.628
196.069
196.510
196.928
197.370
197.811
198.252
198.693
199.134
199.552
199.970
200.411
200.853
201.294
201.735
202.153
202.594
203.012
203.453
203.894
204.336
204.777
205.218
205.636
206.077
206.495
206.913
207.377
207.819
208.237
208.678
209.119
209.560
209.978
210.419
210.860
211.278
211.720
212.138
212.579
213.020
213.461
213.902
214.320
214.761
215.179
215.620
216.062
216.503
216.944
217.385
217.803
218.244
218.686
219.103
219.521
219.986
220.427
220.845
221.286
221.727
222.169
222.586
223.028
223.469
223.887
224.328
224.746
225.187
225.628
226.069
226.511
226.929
227.370
227.811
228.229
228.670
229.111
229.529
229.970
230.412
230.830
231.248
