0.093
0.557
1.022
1.486
1.974
2.415
2.902
3.367
3.855
4.319
4.783
5.248
5.712
6.177
6.641
7.105
7.570
8.034
8.522
8.986
9.474
9.938
10.403
10.867
11.331
11.796
12.260
12.748
13.212
13.677
14.141
14.605
15.070
15.534
16.022
16.486
16.951
17.438
17.903
18.367
18.831
19.296
19.760
20.248
20.712
21.177
21.641
22.105
22.570
23.034
23.522
23.986
24.451
24.915
25.379
25.844
26.331
26.796
27.260
27.725
28.212
28.677
29.141
29.605
30.070
30.534
30.999
31.486
31.951
32.415
32.879
33.344
33.831
34.296
34.760
35.225
35.689
36.153
36.618
37.082
37.570
38.034
38.499
38.963
39.427
39.892
40.356
40.844
41.308
41.773
42.237
42.725
43.189
43.654
44.118
44.582
45.047
45.511
45.999
46.463
46.928
47.392
47.856
48.321
48.785
49.273
49.737
50.202
50.689
51.154
51.618
52.082
52.547
53.011
53.476
53.940
54.428
54.892
55.356
55.821
56.308
56.773
57.237
57.702
58.166
58.630
59.118
59.582
60.047
60.511
60.976
61.440
61.928
62.392
62.856
63.321
63.785
64.273
64.737
65.202
65.666
66.130
66.595
67.059
67.547
68.011
68.476
68.940
69.404
69.869
70.356
70.821
71.285
71.750
72.214
72.702
73.166
73.630
74.095
74.559
75.024
75.511
75.976
76.440
76.904
77.369
77.833
78.298
78.762
79.226
79.714
80.179
80.643
81.107
81.572
82.059
82.524
82.988
83.453
83.917
84.381
84.869
85.333
85.798
86.285
86.727
87.214
87.679
88.143
88.607
89.072
89.536
90.001
90.488
90.953
91.417
91.881
92.346
92.810
93.275
93.762
94.227
94.691
95.155
95.643
96.107
96.572
97.036
97.501
97.965
98.429
98.917
99.381
99.846
100.310
100.775
101.262
101.727
102.191
102.655
103.120
103.584
104.049
104.536
105.001
105.465
105.929
106.394
106.858
107.346
107.810
108.275
108.739
109.203
109.668
110.132
110.597
111.084
111.549
112.013
112.477
112.942
113.406
113.894
114.358
114.823
115.287
115.751
116.239
116.703
117.168
117.632
118.097
118.561
119.025
119.490
119.954
120.442
120.906
121.371
121.835
122.300
122.787
123.252
123.716
124.180
124.645
125.109
125.574
126.038
126.526
126.990
127.454
127.919
128.383
128.848
129.312
129.800
130.241
130.705
131.193
131.657
132.122
132.586
133.050
133.538
134.002
134.467
134.931
135.396
135.860
136.348
136.812
137.276
137.741
138.205
138.670
139.134
139.598
140.063
140.527
141.015
141.479
141.944
142.408
142.896
143.337
143.801
144.266
144.753
145.218
145.705
146.170
146.634
147.098
147.586
148.050
148.515
148.979
149.444
149.908
150.372
150.837
151.324
151.789
152.253
152.718
153.182
153.646
154.111
154.598
155.063
155.527
155.992
156.456
156.920
157.408
157.872
158.337
158.801
159.266
159.730
160.194
160.659
161.123
161.611
162.075
162.540
163.004
163.468
163.933
164.397
164.862
165.349
165.814
166.278
166.742
167.207
167.671
168.159
168.623
169.088
169.552
170.040
170.504
170.945
171.410
171.897
172.362
172.826
173.291
173.778
174.243
174.707
175.171
175.636
176.100
176.565
177.052
177.517
177.981
178.445
178.910
179.374
179.862
180.326
180.791
181.255
181.719
182.184
182.648
183.136
183.600
184.065
184.529
184.993
185.481
185.945
186.387
186.874
187.339
187.803
188.267
188.732
189.219
189.684
190.148
190.589
191.077
191.541
192.006
192.493
192.958
193.422
193.887
194.351
194.815
195.280
195.744
196.209
196.696
197.161
197.625
198.089
198.577
199.041
199.506
199.970
200.458
200.899
201.363
201.828
202.292
202.780
203.244
203.709
204.173
204.637
205.102
205.566
206.054
206.518
206.983
207.447
207.911
208.376
208.840
209.328
209.792
210.257
210.721
211.185
211.650
212.114
212.602
213.066
213.531
213.995
214.483
214.947
215.412
215.876
216.340
216.805
217.269
217.734
218.198
218.662
219.150
219.591
220.079
220.543
221.008
221.495
221.960
222.424
222.888
223.353
223.817
224.282
224.746
225.234
225.698
226.162
226.627
227.091
227.556
228.043
228.508
228.972
229.413
